3614
1725
2646
39
179
478
3474
864
482
1906
379
3000
4563
4807
1913
3374
4783
4591
4150
4098
1973
4266
966
1135
117
2487
775
401
3951
3707
4449
1187
3465
4222
697
1084
2409
1093
1196
3222
1484
4350
1829
2697
2845
486
1572
4040
2602
4326
1477
2129
483
537
398
1760
1673
4517
3517
3304
3155
3946
223
3560
3681
448
2896
193
4247
2476
4519
3568
2911
1362
1844
3072
22
4727
4489
2683
2537
467
475
628
3341
4742
1293
3736
3708
893
3162
1398
2745
2873
3550
3620
3431
1854
2718
1729
1612
4955
2519
1797
1264
3073
2712
1682
363
1167
2766
3212
3274
4755
1656
4820
3282
1770
3805
3660
254
899
4911
2501
1173
353
2714
3113
1493
256
3440
4075
745
2063
4820
2154
2352
1941
2906
2660
1428
1996
1348
4022
1732
3269
241
2626
2398
1678
4627
4620
4479
2918
2313
4923
2674
4002
3610
1104
574
153
1551
1033
753
3104
3144
4643
139
4543
3291
587
3892
1733
4848
2734
1282
2936
3253
2371
3345
1900
2964
3902
4367
1813
361
1051
3173
2929
4343
690
474
3862
1483
135
661
4735
4512
3638
2409
2439
3502
1319
3151
2937
1430
4649
1630
2844
1327
3799
459
3535
490
2454
1574
4532
4327
3370
4471
4024
627
4378
1652
2050
3386
3819
4298
2383
1473
3208
755
2641
2351
286
3045
2774
4258
2073
1140
2557
2310
586
150
509
4820
4597
3335
4722
2179
1210
3007
4272
4446
1000
4925
2030
1175
1310
2459
1580
412
3858
1920
549
2841
3233
3658
4385
2611
2316
1091
1023
4667
1340
2626
3203
2647
1081
1843
1192
1153
701
2813
3595
2263
3
1402
3353
3682
4661
889
2495
2286
782
3215
1606
4576
2339
2170
2442
3387
224
4036
1033
4574
4985
925
210
4232
3367
1034
4957
4954
1565
2418
2201
2815
4165
4710
235
1807
936
195
3030
4475
1456
1848
499
739
3823
618
681
2085
294
4416
1021
2904
1309
745
1317
2138
2029
3256
2592
972
1025
4148
870
1793
3161
3014
1102
607
2755
630
3201
4335
4071
3167
1087
1453
2399
1062
2765
3399
3834
1781
70
3353
1957
2101
3032
1434
4369
4406
4811
3383
2377
3809
324
4484
1940
3972
4148
4264
562
2760
4514
3962
2719
820
4484
1448
2639
2953
4311
3189
4179
2371
4677
536
4641
2230
2185
1135
2444
445
533
3310
3928
364
1059
169
280
1842
2150
2983
1690
683
3143
3208
2878
256
3744
3704
4339
553
2659
3077
3406
4728
3102
3868
2688
600
974
1579
3651
3498
3009
3412
4759
4359
475
1376
4921
2843
1066
145
1010
897
4734
4249
629
3953
3177
1855
1006
856
714
2571
940
849
2648
3638
2926
54
1234
3666
4835
3985
1612
110
3198
2549
2003
3454
4130
2656
2298
567
4252
4903
2662
1090
2323
3218
2464
4104
3311
2338
3648
4214
2231
3532
3287
2687
2175
3012
173
1363
3166
1925
1739
2374
4048
498
8
4326
1312
566
2533
3352
4337
250
1389
1156
2266
3909
389
1106
914
687
1639
3348
1426
2502
2277
2805
4528
1030
4567
2580
4389
3505
2511
1782
3998
4262
3505
1624
4039
2427
4068
2797
2549
1426
2482
4421
3336
390
1564
340
1255
2718
2790
892
1763
2247
192
4035
3628
3266
135
2829
663
719
1350
4679
2142
4355
4707
2237
2030
2082
1876
700
2040
1528
3939
4206
2304
3401
2712
2536
4786
3963
1279
3334
658
24
3529
552
2285
599
4319
2666
4312
4438
2843
502
1913
2464
3371
2691
1188
1864
1089
2080
4106
2084
803
4428
3059
3857
3737
3717
4510
1328
4703
4549
1198
2046
3806
2195
1789
4736
3768
888
1864
429
4343
3523
4691
1002
105
178
4355
4260
496
2917
942
4380
4639
116
542
2435
3065
3080
3439
2126
4397
3348
955
1449
59
3845
4531
3779
3463
2853
3693
1808
3134
251
2624
3301
3165
4477
3032
4912
4302
3591
3026
2793
4520
4741
348
4717
3277
3117
4004
109
2139
3666
1321
1763
967
387
1071
3717
2596
892
1656
217
73
3535
4911
1569
551
3464
2732
2777
4560
3296
79
2847
4859
2690
1245
557
353
4463
2807
3464
2851
4556
3619
4621
597
1205
3178
849
595
2394
2528
4350
3734
4012
897
2979
2230
3515
1718
916
3365
4677
810
3061
3312
2947
1228
1242
1517
3279
2482
2078
1926
3315
2252
1957
2410
790
233
482
3876
4857
963
2733
3112
4106
417
2713
87
773
1410
4623
3891
2516
497
4486
722
1904
3980
1209
4006
4175
1823
496
654
297
3181
3242
1040
3223
4437
3723
4662
449
1988
1667
1174
1574
3411
2682
380
4768
1716
618
2480
4067
3060
4482
2835
4379
4672
2839
3402
2022
4082
3081
1894
4436
4525
4776
3811
1051
2426
3564
4723
3815
2761
1186
4350
2219
3517
2336
2738
4017
128
344
4808
4386
2365
4860
4792
4011
416
4226
2248
2423
716
2666
810
2165
1587
2590
1257
651
1228
4893
4078
2359
2726
2112
945
2250
626
2326
1418
1711
1179
1387
2457
2398
1075
4435
2482
3184
4536
3274
4785
3858
3488
647
2058
233
1998
2426
755
1315
2824
1005
2166
1873
903
4654
3288
2585
1884
2724
3048
4444
4403
1780
4255
4640
2133
550
310
1164
3109
2184
3732
917
2792
383
1320
4099
1089
213
4125
4339
4149
3068
4440
2026
4834
1900
4336
3542
543
1187
4315
3218
927
1749
4434
3132
1513
3596
2986
271
547
4231
2571
1805
3244
1240
3437
1359
430
1882
4403
3305
4664
4738
2095
3271
985
4674
3104
4317
3744
1678
1071
4796
4873
3967
2728
3283
1740
1902
936
1367
4093
1448
4497
1727
4476
4587
417
1476
155
1323
1345
791
4278
2337
910
696
3070
118
704
3300
1189
2977
479
1275
2344
1976
1197
2227
789
1705
3650
1540
97