3
8
22
24
39
54
59
70
73
79
87
97
105
109
110
116
117
118
128
135
135
139
145
150
153
155
169
173
178
179
192
193
195
210
213
217
223
224
233
233
235
241
250
251
254
256
256
271
280
286
294
297
310
324
340
344
348
353
353
361
363
364
379
380
383
387
389
390
398
401
412
416
417
417
429
430
445
448
449
459
467
474
475
475
478
479
482
482
483
486
490
496
496
497
498
499
502
509
533
536
537
542
543
547
549
550
551
552
553
557
562
566
567
574
586
587
595
597
599
600
607
618
618
626
627
628
629
630
647
651
654
658
661
663
681
683
687
690
696
697
700
701
704
714
716
719
722
739
745
745
753
755
755
773
775
782
789
790
791
803
810
810
820
849
849
856
864
870
888
889
892
892
893
897
897
899
903
910
914
916
917
925
927
936
936
940
942
945
955
963
966
967
972
974
985
1000
1002
1005
1006
1010
1021
1023
1025
1030
1033
1033
1034
1040
1051
1051
1059
1062
1066
1071
1071
1075
1081
1084
1087
1089
1089
1090
1091
1093
1102
1104
1106
1135
1135
1140
1153
1156
1164
1167
1173
1174
1175
1179
1186
1187
1187
1188
1189
1192
1196
1197
1198
1205
1209
1210
1228
1228
1234
1240
1242
1245
1255
1257
1264
1275
1279
1282
1293
1309
1310
1312
1315
1317
1319
1320
1321
1323
1327
1328
1340
1345
1348
1350
1359
1362
1363
1367
1376
1387
1389
1398
1402
1410
1418
1426
1426
1428
1430
1434
1448
1448
1449
1453
1456
1473
1476
1477
1483
1484
1493
1513
1517
1528
1540
1551
1564
1565
1569
1572
1574
1574
1579
1580
1587
1606
1612
1612
1624
1630
1639
1652
1656
1656
1667
1673
1678
1678
1682
1690
1705
1711
1716
1718
1725
1727
1729
1732
1733
1739
1740
1749
1760
1763
1763
1770
1780
1781
1782
1789
1793
1797
1805
1807
1808
1813
1823
1829
1842
1843
1844
1848
1854
1855
1864
1864
1873
1876
1882
1884
1894
1900
1900
1902
1904
1906
1913
1913
1920
1925
1926
1940
1941
1957
1957
1973
1976
1988
1996
1998
2003
2022
2026
2029
2030
2030
2040
2046
2050
2058
2063
2073
2078
2080
2082
2084
2085
2095
2101
2112
2126
2129
2133
2138
2139
2142
2150
2154
2165
2166
2170
2175
2179
2184
2185
2195
2201
2219
2227
2230
2230
2231
2237
2247
2248
2250
2252
2263
2266
2277
2285
2286
2298
2304
2310
2313
2316
2323
2326
2336
2337
2338
2339
2344
2351
2352
2359
2365
2371
2371
2374
2377
2383
2394
2398
2398
2399
2409
2409
2410
2418
2423
2426
2426
2427
2435
2439
2442
2444
2454
2457
2459
2464
2464
2476
2480
2482
2482
2482
2487
2495
2501
2502
2511
2516
2519
2528
2533
2536
2537
2549
2549
2557
2571
2571
2580
2585
2590
2592
2596
2602
2611
2624
2626
2626
2639
2641
2646
2647
2648
2656
2659
2660
2662
2666
2666
2674
2682
2683
2687
2688
2690
2691
2697
2712
2712
2713
2714
2718
2718
2719
2724
2726
2728
2732
2733
2734
2738
2745
2755
2760
2761
2765
2766
2774
2777
2790
2792
2793
2797
2805
2807
2813
2815
2824
2829
2835
2839
2841
2843
2843
2844
2845
2847
2851
2853
2873
2878
2896
2904
2906
2911
2917
2918
2926
2929
2936
2937
2947
2953
2964
2977
2979
2983
2986
3000
3007
3009
3012
3014
3026
3030
3032
3032
3045
3048
3059
3060
3061
3065
3068
3070
3072
3073
3077
3080
3081
3102
3104
3104
3109
3112
3113
3117
3132
3134
3143
3144
3151
3155
3161
3162
3165
3166
3167
3173
3177
3178
3181
3184
3189
3198
3201
3203
3208
3208
3212
3215
3218
3218
3222
3223
3233
3242
3244
3253
3256
3266
3269
3271
3274
3274
3277
3279
3282
3283
3287
3288
3291
3296
3300
3301
3304
3305
3310
3311
3312
3315
3334
3335
3336
3341
3345
3348
3348
3352
3353
3353
3365
3367
3370
3371
3374
3383
3386
3387
3399
3401
3402
3406
3411
3412
3431
3437
3439
3440
3454
3463
3464
3464
3465
3474
3488
3498
3502
3505
3505
3515
3517
3517
3523
3529
3532
3535
3535
3542
3550
3560
3564
3568
3591
3595
3596
3610
3614
3619
3620
3628
3638
3638
3648
3650
3651
3658
3660
3666
3666
3681
3682
3693
3704
3707
3708
3717
3717
3723
3732
3734
3736
3737
3744
3744
3768
3779
3799
3805
3806
3809
3811
3815
3819
3823
3834
3845
3857
3858
3858
3862
3868
3876
3891
3892
3902
3909
3928
3939
3946
3951
3953
3962
3963
3967
3972
3980
3985
3998
4002
4004
4006
4011
4012
4017
4022
4024
4035
4036
4039
4040
4048
4067
4068
4071
4075
4078
4082
4093
4098
4099
4104
4106
4106
4125
4130
4148
4148
4149
4150
4165
4175
4179
4206
4214
4222
4226
4231
4232
4247
4249
4252
4255
4258
4260
4262
4264
4266
4272
4278
4298
4302
4311
4312
4315
4317
4319
4326
4326
4327
4335
4336
4337
4339
4339
4343
4343
4350
4350
4350
4355
4355
4359
4367
4369
4378
4379
4380
4385
4386
4389
4397
4403
4403
4406
4416
4421
4428
4434
4435
4436
4437
4438
4440
4444
4446
4449
4463
4471
4475
4476
4477
4479
4482
4484
4484
4486
4489
4497
4510
4512
4514
4517
4519
4520
4525
4528
4531
4532
4536
4543
4549
4556
4560
4563
4567
4574
4576
4587
4591
4597
4620
4621
4623
4627
4639
4640
4641
4643
4649
4654
4661
4662
4664
4667
4672
4674
4677
4677
4679
4691
4703
4707
4710
4717
4722
4723
4727
4728
4734
4735
4736
4738
4741
4742
4755
4759
4768
4776
4783
4785
4786
4792
4796
4807
4808
4811
4820
4820
4820
4834
4835
4848
4857
4859
4860
4873
4893
4903
4911
4911
4912
4921
4923
4925
4954
4955
4957
4985